-0.012223698960615764198
0.012223698960615764198
-0.036663790968733493330
0.036663790968733493330
-0.061081969604139568104
0.061081969604139568104
-0.085463640504515498636
0.085463640504515498636
-0.10979423112764374667
0.10979423112764374667
-0.13405919946118778512
0.13405919946118778512
-0.15824404271422493400
0.15824404271422493400
-0.18233430598533718241
0.18233430598533718241
-0.20631559090207921715
0.20631559090207921715
-0.23017356422665998641
0.23017356422665998641
-0.25389396642269432086
0.25389396642269432086
-0.27746262017790440281
0.27746262017790440281
-0.30086543887767720267
0.30086543887767720267
-0.32408843502441337518
0.32408843502441337518
-0.34711772859763550843
0.34711772859763550843
-0.36993955534985902662
0.36993955534985902662
-0.39254027503326744274
0.39254027503326744274
-0.41490637955227501549
0.41490637955227501549
-0.43702450103710416294
0.43702450103710416294
-0.45888141983355219545
0.45888141983355219545
-0.48046407240417202586
0.48046407240417202586
-0.50175955913614446429
0.50175955913614446429
-0.52275515205117547845
0.52275515205117547845
-0.54343830241281036344
0.54343830241281036344
-0.56379664822661808391
0.56379664822661808391
-0.58381802162876308955
0.58381802162876308955
-0.60349045615854862420
0.60349045615854862420
-0.62280219391058491076
0.62280219391058491076
-0.64174169256230755715
0.64174169256230755715
-0.66029763227264605211
0.66029763227264605211
-0.67845892244771925937
0.67845892244771925937
-0.69621470836951433239
0.69621470836951433239
-0.71355437768358741334
0.71355437768358741334
-0.73046756674190880647
0.73046756674190880647
-0.74694416679706198117
0.74694416679706198117
-0.76297433004409472278
0.76297433004409472278
-0.77854847550641196685
0.77854847550641196685
-0.79365729476219329024
0.79365729476219329024
-0.80829175750791366012
0.80829175750791366012
-0.82244311695564384246
0.82244311695564384246
-0.83610291506090684712
0.83610291506090684712
-0.84926298757796896916
0.84926298757796896916
-0.86191546893954846059
0.86191546893954846059
-0.87405279695803179870
0.87405279695803179870
-0.88566771734539721741
0.88566771734539721741
-0.89675328804915818439
0.89675328804915818439
-0.90730288340175681392
0.90730288340175681392
-0.91731019808096053704
0.91731019808096053704
-0.92676925087894784333
0.92676925087894784333
-0.93567438827791637578
0.93567438827791637578
-0.94402028783022018212
0.94402028783022018212
-0.95180196134126438622
0.95180196134126438622
-0.95901475785369992810
0.95901475785369992810
-0.96565436643196526865
0.96565436643196526865
-0.97171681874713658090
0.97171681874713658090
-0.97719849146390738717
0.97719849146390738717
-0.98209610843571853602
0.98209610843571853602
-0.98640674272458620887
0.98640674272458620887
-0.99012781849173438334
0.99012781849173438334
-0.99325711290021293530
0.99325711290021293530
-0.99579275853498118686
0.99579275853498118686
-0.99773324862551401988
0.99773324862551401988
-0.99907745997737589501
0.99907745997737589501
-0.99982488794713191447
0.99982488794713191447
